----
65.34540229885057
66.5
60.91747572815534
62.21060606060606
61.61602316602317
65.12204724409449
62.47802197802197
68.55460251046026
58.31135531135531
60.54761904761905
57.67027027027028
56.08333333333333
57.385964912280706
62.23913043478261
63.84630350194553
62.47802197802198
60.63422818791946
59.95639097744362
66.09016393442623
62.276721763085405
51.59186046511628
68.79024390243903
57.80483870967741
65.5602564102564
65.73914728682169
60.12727272727273
57.97727272727273
64.48850574712642
59.704832713754655
53.886842105263156
64.06606714628298
61.981914893617024
59.617561521252796
61.79630350194553
63.31368821292776
62.5602564102564
64.14150943396226
62.29702154626109
63.01274509803922
63.066067146282975
54.6260162601626
58.601413427561845
59.42744479495268
60.127272727272725
65.12204724409449
64.12204724409449
62.61008403361345
61.887499999999996
61.70581395348837
63.84630350194553
64.69354838709677
56.74149659863945
66.87357723577236
61.55263157894737
58.072463768115945
66.70581395348836
55.750809061488674
63.774831309041836
58.50581395348837
58.505813953488364
63.91190476190475
63.55460251046024
58.68749999999999
61.0246913580247
62.54638554216868
61.43850574712644
68.86274509803923
65.30952380952381
55.520270270270274
65.38409669211197
60.347810218978104
68.23440629470673
62.88805970149253
61.2295988934993
58.23114355231144
63.9375
58.379020979020986
59.83805970149254
64.95524344569289
62.739147286821705
62.45
63.87357723577236
65.21541501976284
59.651413427561835
56.07017543859649
66.14102564102564
59.44354838709677
57.63805970149254
59.85483870967742
59.87191011235956
64.5
60.83564650059312
58.3921568627451
59.62222222222223
60.75483271375464
61.47902097902098
63.47802197802198
60.42802197802198
59.77083333333333
62.29626556016598
64.59638554216868
62.55882352941177
66.52692307692308
56.88051948051948
60.42971887550201
57.22802197802198
62.38409669211196
62.54638554216868
61.62355473554736
58.379020979020986
61.705555555555556
62.82963683527885
57.2019801980198
65.59638554216866
59.28333333333333
61.118556701030926
57.312354312354316
66.37802197802199
61.990163934426235
60.82312925170068
63.01274509803922
55.25555555555555
58.31754966887418
60.46235431235431
66.14102564102564
64.8023131672598
55.35141342756184
58.23114355231144
68.04867256637168
64.79978902953587
60.72357723577236
54.79397394136807
61.889795918367355
57.47222222222222
61.006390977443615
66.21818181818182
65.21541501976284
64.38114355231144
59.35088300220751
63.84630350194553
59.2978102189781
59.89149659863945
54.48898305084745
65.47183908045977
58.06368821292775
66.17469135802469
57.06818181818181
59.704832713754655
60.91747572815534
65.92191011235956
66.92372881355932
65.5
56.79150943396226
53.79457900807381
61.52692307692307
58.965415019762844
60.24457900807381
67.16666666666667
63.67688172043011
65.98979591836735
57.60992907801419
58.150763358778626
66.45882352941177
58.32692307692308
59.955380577427825
56.04781021897809
59.980519480519476
56.96368821292776
60.83805970149254
64.21541501976284
61.091509433962266
65.56025641025641
64.9375
64.5
57.93051948051948
60.31666666666666
63.57971887550201
68.59354838709677
57.534746760895175
66.09016393442623
63.47802197802197
57.61932907348243
64.98979591836734
65.12204724409449
62.82963683527886
67.16666666666667
59.41025641025641
59.027307274701414
56.3873417721519
61.022047244094495
59.41688815060908
61.64935649935649
63.14150943396226
60.83805970149254
65.50882352941176
66.09016393442622
66.931718061674
60.5
64.66602316602317
63.400763358778626
59.29781021897811
66.14102564102564
63.31666666666666
68.79912280701754
57.4373417721519
62.08273381294964
61.189655172413794
59.23409669211196
64.05639097744361
65.45735930735931
63.04102564102564
67.64354838709679
54.69398315282791
62.70141342756184
68.24338842975207
52.808823529411754
69.429718875502
62.07204724409449
62.53420669577875
66.61602316602317
61.59354838709678
65.23333333333333
61.35076335877863
62.03972431077695
65.45735930735931
63.84630350194553
64.57692307692308
68.28571428571428
62.9375
64.05639097744361
62.25952380952381
58.0896551724138
58.4993564993565
56.9891304347826
64.22727272727272
58.311355311355314
61.091509433962266
64.12204724409449
56.98913043478261
65.21541501976284
63.755813953488364
63.84630350194553
67.8375
55.44161358811041
64.14398315282791
53.54268292682926
57.60992907801419
64.79978902953587
64.31368821292776
68.57857142857142
70.54024390243902
70.54024390243902
70.54024390243902
70.54024390243902
70.54024390243902
70.54024390243902
70.54024390243902
70.54024390243902
70.54024390243902
70.54024390243902
70.54024390243902
70.54024390243902
70.54024390243902
70.54024390243902
70.54024390243902
70.54024390243902
70.54024390243902
70.54024390243902
70.54024390243902
70.54024390243902
64.7914979757085
59.576760563380276
59.308777429467085
60.98870967741935
66.43850574712644
68.4
64.57692307692307
63.640221402214024
62.35438247011952
65.09016393442623
64.40438247011951
59.42902097902098
59.679636835278856
53.16044776119403
63.80483271375465
63.64022140221401
60.74630350194553
57.55483271375465
57.078641251221896
62.7391472868217
64.95537634408603
60.347810218978104
57.99397394136808
65.98273381294965
63.16064981949458
62.16064981949458
60.74630350194552
61.066067146282975
53.72463768115942
64.40076335877862
61.30151515151515
58.526760563380286
54.6278156996587
61.022047244094495
64.21541501976284
59.58914728682171
65.03972431077695
64.05639097744361
69.93191489361703
59.41025641025641
61.381143552311435
68.98191489361702
62.50460251046026
57.072131147540986
60.30076335877863
69.4
60.04874835309619
55.727815699658706
61.091509433962266
65.18913043478261
60.56602316602317
58.51688963210704
65.92083333333332
63.77483130904183
58.526760563380286
64.89024390243902
68.45
52.06044776119403
66.1391304347826
60.98870967741935
61.143983152827914
65.59638554216866
64.23333333333333
65.42802197802199
58.98273381294965
64.57692307692307
57.91606714628298
58.75231316725979
59.62222222222222
61.8875
62.77659574468085
57.53422818791947
56.79862385321101
59.139655172413796
59.06855670103093
60.62483130904183
60.476923076923086
58.601413427561845
67.52071651090343
57.93051948051948
59.54022140221403
64.9375
54.46190476190475
61.79630350194553
59.72659574468085
66.931718061674
58.99794520547945
66.931718061674
58.12213114754098
61.69149797570851
68.30438247011952
63.082733812949634
61.066067146282975
60.4873417721519
59.726595744680864
61.35076335877863
62.354382470119525
55.81385281385282
57.02298850574712
62.649122807017534
67.69341736694678
62.722222222222214
67.74630350194553
62.72222222222222
61.61602316602317
58.88972431077694
58.01855670103093
58.30592334494774
60.189130434782605
56.37676056338028
62.84024390243903
63.72027027027028
58.78898305084746
63.666023166023166
63.77483130904183
65.12204724409449
60.68474676089517
58.67659574468085
60.56688963210702
57.97727272727273
59.822316384180795
61.61602316602317
53.722988505747125
69.09135802469136
61.222463768115944
51.76754966887417
62.35088300220751
61.400000000000006
64.69341736694678
63.804832713754635
59.961149032992026
68.87372881355932
66.95639097744362
58.25198019801981
55.57857142857142
57.09457900807382
62.354382470119525
64.89024390243901
68.34540229885057
56.15592334494774
61.091509433962266
60.977815699658706
59.96114903299204
63.483333333333334
50.767924528301876
68.45
65.47183908045976
54.69106628242075
56.95189003436427
64.06606714628296
66.79630350194553
65.1248427672956
61.871393034825864
58.965415019762844
60.610093896713614
68.59354838709677
52.25537634408602
60.75992907801418
58.90537634408602
65.98979591836735
57.83870967741936
59.458823529411774
53.01792452830189
71.74016393442622
62.82963683527885
56.20882352941176
60.30076335877863
58.75231316725979
58.72027027027028
63.535964912280704
55.42659574468085
65.19874835309618
60.85483870967742
57.239256678281066
61.33333333333333
66.29338842975207
62.739147286821705
65.21541501976284
61.091509433962266
63.05639097744361
56.60231316725979
64.7914979757085
61.222463768115944
60.610093896713614
59.37802197802198
54.68195718654434
64.79978902953586
65.60141342756185
63.19874835309618
61.889795918367355
60.98870967741935
65.03972431077695
56.811149032992034
58.617561521252796
62.92857142857143
67.88972431077694
52.51855670103093
69.48550724637681
71.74016393442622
60.70202020202019
64.57692307692308
59.139130434782615
59.220175438596485
64.69354838709677
61.222463768115944
64.19135802469135
66.8157894736842
62.560256410256414
64.48333333333332
58.90537634408602
58.5916135881104
57.20198019801981
57.83870967741936
63.19874835309618
58.67659574468085
65.38409669211197
60.83805970149253
59.65141342756184
67.07349726775956
58.01855670103093
62.3978102189781
56.75537634408602
62.55263157894736
63.0563909774436
67.8052434456929
65.83805970149254
61.11541501976285
66.7008733624454
58.83817204301076
64.69341736694678
61.43850574712644
65.5
63.75992907801418
67.78522012578617
61.62355473554736
64.38114355231144
65.50882352941177
63.9375
62.1248427672956
59.458823529411774
53.56747572815534
60.38925667828107
67.3795988934993
57.99398315282792
69.43793584379358
62.50460251046026
62.047945205479444
65.83805970149254
61.990163934426235
65.01855670103093
58.0896551724138
58.0896551724138
58.0896551724138
58.0896551724138
58.0896551724138
58.0896551724138
58.0896551724138
58.0896551724138
58.0896551724138
58.0896551724138
58.0896551724138
58.0896551724138
58.0896551724138
58.0896551724138
58.0896551724138
58.0896551724138
58.0896551724138
58.0896551724138
58.0896551724138
58.0896551724138
62.25952380952381
55.173554735547356
57.033333333333324
63.55882352941177
55.12902097902098
53.56747572815534
68.02293577981652
63.292857142857144
64.21541501976284
59.704832713754655
65.69354838709677
62.21060606060607
56.91064981949458
66.95639097744362
63.1510729613734
59.65141342756184
64.98979591836735
63.31666666666666
56.877272727272725
56.208777429467084
61.26124567474048
65.30952380952381
57.30882352941177
54.3520202020202
63.57692307692308
67.58793584379359
63.292857142857144
59.06855670103093
59.4873417721519
66.57971887550201
61.97941176470589
57.02298850574712
66.77483130904184
58.25198019801981
60.83898305084746
65.29702154626108
59.679636835278856
63.04016393442623
62.416888150609076
61.79630350194553
61.222463768115944
61.400000000000006
60.23771580345286
62.354382470119525
65.92191011235956
64.31368821292776
59.576760563380276
59.23409669211196
68.64932126696833
66.71008403361344
67.2510729613734
61.788166047087984
66.8875
61.705813953488374
60.347810218978104
64.30151515151515
61.31368821292776
60.955243445692886
63.666023166023166
61.38114355231144
64.02941176470588
61.59354838709678
63.554602510460256
67.62483130904184
65.01524822695035
74.5472602739726
61.1267217630854
61.400000000000006
66.19874835309618
61.091509433962266
63.19874835309618
59.50263157894737
59.139130434782615
62.920833333333334
63.292857142857144
63.01274509803922
69.62483130904184
60.672222222222224
60.92941176470589
61.85231316725978
63.554602510460256
62.560256410256414
57.16666666666667
66.5
69.04874835309617
63.48850574712644
55.31688963210702
65.02941176470588
68.89726027397259
69.2357142857143
59.060649819494586
62.97191011235955
58.06368821292776
64.57692307692308
58.63816604708798
58.55555555555556
69.50460251046024
59.770833333333336
62.1248427672956
70.1267217630854
68.16666666666667
55.502313167259786
64.07349726775956
67.3795988934993
69.15076335877862
61.006390977443615
64.62355473554736
61.770270270270274
66.5
70.25
57.87781569965871
64.69354838709677
56.30263157894737
63.755813953488364
61.301980198019805
60.911904761904765
64.0563909774436
58.96385281385281
63.9375
66.19874835309618
69.71645569620253
61.11541501976285
60.032733812949644
62.97191011235955
64.02941176470588
61.79024390243903
66.7008733624454
64.7914979757085
63.57692307692308
63.87357723577236
61.92857142857143
62.47802197802198
64.48333333333332
63.38771580345286
64.9375
67.16541501976285
58.01855670103093
61.022047244094495
64.09102564102564
64.69341736694678
65.35582959641256
65.21060606060607
58.23114355231144
61.43850574712644
66.60460251046025
61.209523809523816
70.26206896551724
57.76190476190476
70.86524822695037
61.189655172413794
67.3113553113553
61.26368821292776
58.80524344569289
64.31368821292776
64.65087336244542
71.04338842975207
60.65581395348838
59.499356499356495
65.40438247011951
61.333333333333336
62.84024390243902
61.95524344569288
56.333333333333336
66.15
65.92372881355931
66.78805970149254
60.921910112359555
61.97941176470589
67.84024390243903
62.97312925170068
64.30952380952381
56.67857142857143
60.03127853881278
62.16064981949458
59.65141342756184
59.54022140221403
63.346265560165975
61.889795918367355
63.24338842975206
55.502313167259786
64.95524344569289
60.04874835309619
57.89150943396226
64.09102564102565
61.30438247011953
58.452631578947376
70.00626911314984
65.69354838709678
64.7914979757085
61.71410256410256
60.526881720430104
68.02293577981652
62.739147286821705
58.416023166023166
59.73979591836735
63.400763358778626
70.71578947368421
60.59022140221403
69.63265460030166
61.30151515151515
61.49638554216868
67.2510729613734
55.96818181818182
68.23440629470673
61.8875
66.03191489361701
64.59638554216868
58.30592334494773
63.462354312354314
54.93114355231143
61.990163934426235
63.88805970149254
59.346385542168676
64.21541501976284
64.30952380952381
62.89149659863945
57.13684210526316
63.774831309041836
55.750809061488674
55.320675105485236
60.92941176470589
63.55882352941177
61.022047244094495
65.92372881355932
61.83817204301076
67.79978902953587
65.38409669211195
60.04150943396227
56.266888150609084
59.550222965440355
59.139130434782615
65.21541501976284
58.29211076280042
63.80483271375465
64.06666666666668
55.33816604708797
56.08333333333333
65.89024390243902
65.21060606060605
64.14150943396226
58.072463768115945
63.01274509803922
60.50882352941177
61.92857142857143
67.25952380952381
66.09150943396226
65.39626556016597
65.02941176470588
53.16756152125279
63.19874835309618
62.47802197802198
62.47802197802198
62.47802197802198
62.47802197802198
62.47802197802198
62.47802197802198
62.47802197802198
62.47802197802198
62.47802197802198
62.47802197802198
62.47802197802198
62.47802197802198
62.47802197802198
62.47802197802198
62.47802197802198
62.47802197802198
62.47802197802198
62.47802197802198
62.47802197802198
62.47802197802198
66.45882352941177
63.48850574712644
59.06060606060606
66.00639097744362
60.388505747126445
67.58695652173913
58.0896551724138
60.75992907801418
62.93191489361703
64.40076335877862
65.70188679245284
60.10784313725491
62.89149659863946
62.35438247011952
61.77659574468085
63.19874835309619
66.10538057742782
58.72139303482587
70.65234741784037
68.34540229885057
58.72027027027026
61.400000000000006
59.06855670103093
64.42902097902098
61.97941176470588
57.55483271375465
61.55263157894737
65.47183908045976
56.60231316725979
59.679636835278856
63.23913043478261
57.42357723577235
66.15
64.07349726775956
66.39626556016597
63.292857142857144
65.68420669577876
58.67659574468085
58.15
62.29626556016598
67.64932126696833
61.49638554216868
61.46135531135531
57.312354312354316
61.006390977443615
63.87357723577236
61.705813953488374
65.57028985507246
63.75581395348837
62.739147286821705
58.55555555555556
61.705555555555556
67.47402597402596
60.74630350194553
67.07204724409449
60.92941176470589
62.07204724409449
65.01524822695035
65.7391472868217
61.43850574712643
60.75992907801418
63.666023166023166
57.89150943396226
57.72191011235955
60.56602316602317
62.08273381294964
59.72659574468085
61.705813953488374
66.0127450980392
67.58695652173913
58.3921568627451
58.379020979020986
62.77659574468085
61.61602316602317
69.09102564102565
59.78805970149254
63.9375
68.12435897435896
69.04874835309619
60.83805970149254
66.57971887550201
71.3073593073593
63.10538057742782
62.45
65.19135802469135
60.142857142857146
58.63816604708798
58.872047244094496
66.3891629297459
60.30076335877863
62.741497975708505
61.705813953488374
65.5602564102564
57.83870967741936
65.68420669577876
59.73979591836735
57.80639097744361
58.452631578947376
55.96818181818182
65.03972431077693
69.88171806167401
64.59638554216868
65.19135802469135
62.45
63.24457900807381
61.889795918367355
66.81645569620252
66.36206896551724
61.705555555555556
63.14135802469136
63.24338842975207
63.483333333333334
66.67688172043012
64.58793584379359
59.4993564993565
69.31206896551724
64.48850574712642
60.30076335877863
65.38771580345286
63.483333333333334
65.12204724409449
62.80483271375465
62.739147286821705
67.07349726775956
63.9375
61.006390977443615
66.38771580345286
64.98979591836735
61.705813953488374
61.35076335877863
62.739147286821705
64.40438247011951
66.09016393442622
60.42802197802198
61.705555555555556
62.47183908045977
64.5
65.34540229885057
65.59638554216868
59.458823529411774
63.01274509803921
67.74630350194553
64.31206896551724
60.35460251046025
58.47355473554735
63.292857142857144
66.97941176470589
63.292857142857144
61.79630350194553
61.705555555555556
66.09016393442622
67.38850574712644
61.889795918367355
65.92083333333333
63.488505747126425
71.08440629470672
67.7008733624454
67.47402597402598
69.53695652173913
62.84024390243903
67.45
69.72357723577235
67.3795988934993
70.25
67.30076335877862
61.30438247011953
58.150763358778626
62.354382470119525
64.69354838709677
60.92941176470588
63.666023166023166
66.47402597402598
61.79024390243903
57.86541501976285
68.23440629470673
54.88850574712643
63.67688172043011
66.97312925170068
55.092156862745085
65.71008403361344
68.34540229885057
64.07349726775956
68.55460251046026
68.12435897435898
61.64978902953587
64.89024390243902
69.80188679245283
66.14102564102564
71.46884057971015
65.01524822695035
60.83805970149254
64.98979591836735
64.40438247011951
69.93191489361703
53.40537634408601
69.50460251046026
54.911245674740485
61.52692307692308
58.47355473554735
61.43850574712644
56.20882352941176
63.535964912280704
59.060606060606055
55.57857142857142
56.79150943396226
58.50581395348837
69.93191489361703
58.151515151515156
62.739147286821705
69.84016393442623
59.139655172413796
64.02941176470588
60.75483271375465
60.83805970149254
65.12435897435898
57.94794520547945
70.94867256637168
58.151515151515156
66.38771580345286
61.62355473554736
68.12435897435898
66.67688172043012
62.82963683527885
64.89024390243902
58.59630350194553
73.10813397129186
59.770833333333336
60.23684210526316
65.60460251046025
63.60087336244542
65.69354838709677
61.75706214689266
73.11111111111111
61.75706214689265
61.61602316602317
63.9375
60.83564650059312
61.95524344569288
58.828571428571436
62.47183908045977
64.07349726775956
64.79978902953587
64.98979591836735
57.76190476190476
66.09016393442623
62.80483271375465
63.57692307692308
64.3795988934993
64.40438247011951
58.5916135881104
64.69341736694678
64.69341736694678
64.69341736694678
64.69341736694678
64.69341736694678
64.69341736694678
64.69341736694678
64.69341736694678
64.69341736694678
64.69341736694678
64.69341736694678
64.69341736694678
64.69341736694678
64.69341736694678
64.69341736694678
64.69341736694678
64.69341736694678
64.69341736694678
64.69341736694678
64.69341736694678
64.69341736694678
61.006390977443615
69.2010729613734
62.09135802469136
65.79912280701754
67.07204724409449
62.560256410256414
60.770270270270274
61.17727272727273
66.01274509803922
61.59354838709679
59.147021546261094
58.80524344569289
66.5
66.7560606060606
60.24457900807381
66.77483130904184
67.54638554216868
62.888059701492544
64.30952380952381
60.62483130904184
57.312354312354316
65.09016393442623
66.67688172043012
63.45
65.39626556016597
60.142857142857146
58.90537634408602
61.705555555555556
63.292857142857144
70.83171806167401
62.47183908045977
66.09016393442623
69.7560606060606
67.69341736694678
71.08440629470674
68.93191489361703
64.66602316602317
69.429718875502
65.01524822695035
62.29702154626109
62.920833333333334
67.14102564102564
59.62222222222223
63.97191011235955
65.09016393442622
57.68564650059312
62.741497975708505
63.57692307692308
65.4573593073593
59.42802197802198
57.26754966887418
63.01274509803922
61.43850574712644
58.59630350194553
61.788166047087984
70.33333333333334
65.98979591836735
62.80483271375465
59.87857142857142
61.33333333333333
60.610093896713614
63.9375
64.02941176470588
70.60087336244541
63.80483271375465
65.19135802469135
62.00537634408602
63.660084033613444
62.80483271375465
62.297021546261085
64.98979591836735
64.9375
68.34626556016597
62.54638554216867
64.38114355231144
63.49999999999999
60.684746760895166
63.47802197802198
64.90706214689266
62.6493564993565
66.43850574712643
63.10538057742782
62.084406294706724
59.84016393442623
67.56602316602317
61.79630350194553
66.19135802469135
63.64022140221401
68.6914979757085
65.5
57.724691358024685
63.22727272727273
65.60460251046025
71.84135802469135
66.70581395348837
68.77083333333334
72.11206896551724
67.47692307692309
64.62355473554736
68.49638554216868
68.98191489361702
61.87139303482587
68.14135802469136
65.7914979757085
67.17469135802469
74.02777777777777
65.59638554216868
65.69354838709678
71.56645569620252
71.35697674418606
69.7560606060606
65.98979591836735
68.24338842975207
70.71578947368421
64.90706214689266
65.59638554216868
59.54022140221403
64.98979591836735
57.83870967741936
64.12204724409449
57.30882352941177
58.601413427561845
62.62676056338029
57.87781569965871
67.16541501976285
63.400763358778626
68.14135802469136
64.69354838709677
73.58171806167401
67.92941176470589
67.90706214689266
64.09102564102565
65.5602564102564
71.46008403361344
66.10538057742784
68.49638554216868
63.9375
70.7720472440945
68.24338842975207
74.68601895734598
70.75706214689265
65.69354838709677
69.33333333333334
69.96368821292776
69.53695652173913
67.72139303482587
68.14135802469136
61.496385542168674
60.91190476190475
68.87372881355932
68.1470215462611
70.37402597402598
66.29338842975207
59.41688815060908
71.46008403361344
58.63816604708798
63.97191011235955
70.97435897435898
63.579718875502
68.45
65.09016393442623
65.12204724409449
65.12204724409449
68.30438247011952
71.88200589970502
68.4963855421687
70.97435897435898
66.57971887550201
62.560256410256414
67.23114355231144
65.11666666666667
63.16064981949458
63.98870967741935
63.84630350194553
62.22017543859649
73.89540229885057
64.84630350194553
70.94135802469135
68.59354838709677
59.57676056338028
59.21818181818182
57.16666666666667
63.84630350194553
62.16541501976285
63.64022140221401
69.09135802469136
63.80483271375465
69.52688172043011
69.29626556016598
63.92781569965871
69.29626556016598
65.47183908045977
61.69149797570851
64.3795988934993
66.03191489361703
70.33333333333334
65.02941176470588
67.8052434456929
72.90107296137339
57.00784313725491
63.48850574712644
60.68474676089517
60.428021978021974
70.71578947368421
68.14135802469136
58.526760563380286
58.311355311355314
67.83273381294964
68.45
70.04102564102564
63.05639097744361
60.388505747126445
64.17469135802469
67.58695652173913
70.75706214689265
62.027307274701414
76.13550724637682
65.92191011235956
64.14150943396226
62.31818181818181
66.43850574712644
65.12204724409449
68.14135802469136
68.67963683527886
63.75581395348837
66.81645569620252
62.62676056338028
71.47083333333333
69.14285714285714
59.726595744680836
59.21124567474048
63.10538057742782
65.42802197802197
61.705555555555556
62.1248427672956
69.09102564102565
68.14135802469136
60.3478102189781
63.660084033613444
69.52688172043011
65.7391472868217
70.5414979757085
55.868556701030926
66.79630350194553
67.31135531135533
63.387715803452856
63.610093896713614
64.66602316602317
67.84024390243903
62.55882352941177
62.55882352941177
62.55882352941177
62.55882352941177
62.55882352941177
62.55882352941177
62.55882352941177
62.55882352941177
62.55882352941177
62.55882352941177
62.55882352941177
62.55882352941177
62.55882352941177
62.55882352941177
62.55882352941177
62.55882352941177
62.55882352941177
62.55882352941177
62.55882352941177
62.55882352941177
63.14150943396226
64.75581395348837
60.04150943396227
62.47802197802198
65.59638554216866
59.753603603603594
63.400763358778626
58.82857142857142
56.6036036036036
64.90706214689266
64.07349726775956
65.29702154626108
63.400763358778626
69.96368821292776
65.60460251046025
68.58914728682171
64.62355473554736
68.87372881355932
63.55882352941177
64.57676056338028
70.04102564102564
62.54638554216868
67.93979591836735
67.65581395348838
65.5
70.48695652173913
56.12802197802197
58.55555555555556
67.56602316602317
66.14102564102564
64.2767217630854
62.84024390243903
63.87357723577236
69.42402597402598
69.42402597402598
64.84630350194553
62.920833333333334
64.5421568627451
64.07349726775956
68.52702702702703
63.45
66.19135802469135
71.54932126696833
62.1248427672956
64.84630350194553
68.86274509803923
67.25952380952381
64.22727272727272
61.496385542168674
65.92191011235956
68.77083333333334
66.06064981949459
57.02298850574713
64.30151515151515
65.64935649935649
71.18571428571428
68.58914728682171
60.83805970149254
64.90706214689266
67.47402597402596
61.43850574712644
70.59932126696833
62.85231316725979
58.072463768115945
61.209523809523816
59.378021978021984
64.89024390243902
63.05639097744361
65.29702154626109
64.7914979757085
61.38114355231143
69.31206896551724
62.560256410256414
62.03972431077693
64.75581395348837
59.139130434782615
67.17469135802469
66.77483130904184
66.52692307692308
65.89024390243902
60.30076335877863
60.30076335877863
62.38409669211196
71.85626911314985
58.161245674740485
59.28333333333333
61.209523809523816
61.889795918367355
65.01524822695035
64.78816604708798
63.766455696202534
61.79630350194553
69.03200589970501
69.72357723577235
63.888059701492544
68.28571428571428
66.57971887550201
67.45
63.488505747126425
65.71008403361344
68.34626556016597
63.37402597402598
60.82312925170068
67.69341736694679
66.35076335877864
60.23771580345286
62.6493564993565
62.42028985507247
68.16666666666667
60.04874835309619
59.62222222222223
64.14150943396226
59.06060606060606
62.09135802469136
67.69341736694678
59.060649819494586
61.59354838709678
59.139655172413796
62.88805970149254
66.2510729613734
60.923497267759565
67.17469135802469
64.31206896551724
70.64978902953587
64.87139303482587
60.75483271375465
60.837500000000006
60.837500000000006
60.62483130904184
63.660084033613444
63.1510729613734
66.67688172043012
63.04102564102565
70.04102564102564
62.31368821292776
64.69354838709677
65.30952380952381
64.14150943396226
63.10538057742782
65.39626556016597
60.52688172043011
64.48333333333333
65.3095238095238
61.400000000000006
54.92213114754098
58.3921568627451
57.738983050847466
64.79978902953587
63.04016393442623
53.94158878504673
61.11541501976285
62.741497975708505
68.04016393442623
65.39626556016597
63.14135802469136
62.64354838709678
68.0547619047619
63.14135802469136
60.74630350194553
61.22402597402598
68.57028985507246
63.04016393442623
62.35438247011952
61.02204724409449
69.09102564102565
60.92191011235955
61.2295988934993
65.98979591836735
67.47402597402596
60.35460251046025
64.02941176470588
63.36036036036036
66.87357723577236
68.68420669577874
64.75581395348837
66.60460251046025
67.04867256637168
58.965415019762844
65.92083333333333
66.81645569620252
58.95639097744362
69.72357723577235
70.43793584379358
63.579718875502
69.31206896551724
60.62483130904184
59.58914728682171
59.78805970149254
64.12204724409449
71.42702702702702
64.89024390243902
61.38114355231143
66.71008403361344
65.5
66.57971887550201
71.3073593073593
65.59638554216868
55.52204724409449
68.59354838709677
65.59638554216868
63.57971887550201
65.11064981949458
61.77659574468085
68.04867256637168
68.34540229885057
63.68474676089517
66.19874835309618
66.57971887550201
64.02941176470588
72.68191489361703
68.14135802469136
62.16541501976285
67.17469135802469
63.87357723577236
66.48333333333333
63.75581395348837
70.75706214689265
58.150763358778626
73.77293577981652
66.71008403361344
63.400763358778626
64.31206896551724
67.69341736694678
70.26206896551724
65.59638554216868
70.11666666666666
64.84630350194553
62.55882352941177
63.87357723577236
61.11541501976285
61.43850574712644
65.7391472868217
62.21060606060606
73.12402597402597
66.37802197802199
67.36206896551724
64.89024390243902
70.97435897435898
61.889795918367355
65.60460251046025
63.84630350194553
62.88805970149254
62.640221402214024
64.9375
66.39626556016597
65.7391472868217
65.18913043478261
59.541497975708495
70.47702702702703
63.47802197802198
62.72222222222222
62.72222222222222
62.72222222222222
62.72222222222222
62.72222222222222
62.72222222222222
62.72222222222222
62.72222222222222
62.72222222222222
62.72222222222222
62.72222222222222
62.72222222222222
62.72222222222222
62.72222222222222
62.72222222222222
62.72222222222222
62.72222222222222
62.72222222222222
62.72222222222222
62.72222222222222
64.75581395348837
67.45
62.72222222222222
77.78738317757009
70.48695652173913
68.45
68.11541501976285
64.06606714628298
66.29285714285714
69.20107296137338
63.75581395348837
64.13684210526316
69.76578947368421
65.7914979757085
64.75581395348837
69.71645569620253
60.18913043478261
69.26904761904763
66.61602316602317
71.18571428571428
66.88750000000002
74.92777777777778
69.42402597402598
67.92941176470589
65.09016393442622
66.60460251046025
67.25952380952381
66.92372881355932
70.04102564102564
71.25460251046024
67.69341736694678
67.3795988934993
66.81645569620252
68.77083333333334
65.57028985507246
66.45882352941177
67.86274509803923
67.36206896551724
64.7391472868217
67.58793584379359
66.14102564102564
63.55460251046024
66.97312925170068
67.74149797570851
69.71645569620253
66.01274509803922
62.72222222222222
64.7914979757085
64.7914979757085
68.02293577981652
66.60460251046025
65.47183908045977
63.449999999999996
66.43850574712644
68.04016393442623
64.9375
67.25952380952381
67.9748427672956
63.97312925170068
66.931718061674
63.31368821292776
66.14102564102564
64.12204724409449
67.54638554216868
69.42402597402598
68.58914728682171
62.77659574468085
74.55188679245283
64.31368821292776
59.788059701492536
65.7391472868217
60.30076335877863
72.83601895734597
69.50581395348837
61.62676056338027
62.084406294706724
65.12204724409449
64.3795988934993
60.50882352941177
60.83805970149254
61.705813953488374
67.90706214689266
66.70581395348837
67.58793584379359
68.55460251046026
62.47183908045977
61.52692307692308
64.9375
62.93979591836735
68.88979591836735
67.75537634408602
69.34615384615384
64.5421568627451
70.39031007751939
72.4355072463768
67.12727272727273
66.48333333333332
60.83564650059312
60.921910112359555
66.48333333333332
65.02941176470588
65.03273381294964
66.6768817204301
60.921910112359555
68.68420669577873
65.50882352941176
64.07349726775956
62.21060606060606
62.71645569620254
63.45
60.67222222222222
62.07204724409449
59.21818181818182
67.34626556016597
64.69354838709677
65.59638554216868
68.77272727272727
65.69354838709677
59.704832713754655
69.31206896551724
64.40438247011951
66.71008403361344
63.24338842975207
64.7914979757085
63.400763358778626
62.50460251046026
64.98979591836734
66.03191489361701
66.87357723577236
70.59932126696833
63.981914893617024
64.99867256637168
68.28571428571428
64.42702702702704
61.209523809523816
59.87857142857143
66.60460251046025
64.79978902953587
59.060649819494586
62.54638554216868
69.02293577981652
62.16541501976285
65.29338842975206
67.58695652173913
67.58695652173913
67.77272727272727
64.2767217630854
65.81645569620252
66.52692307692308
67.74149797570851
63.45
66.5
63.29285714285714
56.96368821292776
64.3795988934993
68.53738317757009
65.5
61.871393034825864
64.98979591836734
64.30582959641256
65.19135802469135
65.19135802469135
62.741497975708505
63.24338842975207
62.741497975708505
67.90706214689266
62.93979591836735
64.65087336244542
58.3921568627451
61.8875
67.47402597402598
65.45735930735931
61.17727272727273
58.90537634408602
61.955243445692886
59.21818181818182
60.42971887550201
66.19135802469135
60.42971887550201
64.14150943396226
65.71008403361344
64.48333333333333
63.292857142857144
59.95538057742782
64.98979591836735
61.26368821292776
64.06666666666668
67.54638554216868
62.25952380952381
64.5
58.161245674740485
60.74630350194553
66.71008403361344
67.48333333333332
64.22727272727272
67.65581395348838
66.87357723577236
66.61602316602315
62.210606060606054
57.99398315282791
63.45
64.59638554216868
61.461355311355305
63.84630350194553
60.12727272727273
66.77483130904183
65.59022140221403
62.54638554216868
60.347810218978104
67.931718061674
61.47902097902098
66.97312925170068
63.640221402214024
62.03972431077695
68.68420669577876
66.29285714285714
63.77483130904183
64.3795988934993
60.42971887550201
62.193388429752076
67.00626911314984
68.57028985507246
68.04016393442623
64.5
66.2510729613734
62.09135802469136
66.60460251046025
65.02941176470588
61.97941176470589
64.17469135802469
63.75581395348837
64.12204724409449
64.69341736694678
59.65141342756184
63.488505747126425
62.55263157894736
61.46135531135531
66.01274509803922
63.558823529411754
61.623554735547344
62.558823529411754
60.74630350194553
60.50882352941176
59.961149032992026
61.26368821292776
62.7414979757085
57.80816326530612
58.52676056338028
70.71578947368421
60.476923076923086
65.60141342756184
65.60141342756184
65.60141342756184
65.60141342756184
65.60141342756184
65.60141342756184
65.60141342756184
65.60141342756184
65.60141342756184
65.60141342756184
65.60141342756184
65.60141342756184
65.60141342756184
65.60141342756184
65.60141342756184
65.60141342756184
65.60141342756184
65.60141342756184
65.60141342756184
65.60141342756184
61.143983152827914
61.705813953488374
65.60141342756184
60.24457900807381
55.6370820668693
63.29285714285714
63.61009389671361
57.3859649122807
61.06606714628297
64.69354838709677
60.21368821292776
65.47183908045977
63.755813953488364
59.62222222222222
65.11064981949458
65.09016393442622
61.047945205479444
67.36206896551724
61.49638554216868
62.739147286821705
56.4675615212528
62.55263157894736
64.40438247011951
65.12435897435898
62.55263157894736
63.31368821292776
58.92781569965871
58.92781569965871
64.30151515151515
59.06855670103093
63.22727272727272
64.22727272727272
65.59022140221401
63.48333333333333
61.78816604708797
60.3478102189781
62.09135802469136
66.17727272727272
60.476923076923086
62.85231316725978
60.97781569965869
61.5421568627451
59.82231638418078
66.09150943396227
67.35438247011953
61.30151515151515
66.13913043478261
62.739147286821705
58.652020202020196
60.672222222222224
61.85231316725978
60.83805970149254
64.21124567474048
66.01274509803922
62.08273381294964
56.91064981949458
59.2978102189781
61.77027027027026
62.47802197802198
63.558823529411754
63.31368821292776
58.584228187919464
62.00537634408602
56.96368821292776
63.98870967741935
66.0127450980392
65.45735930735931
65.01524822695035
63.971910112359545
67.56602316602317
71.54932126696832
58.383554817275744
65.71008403361344
62.77659574468085
58.383554817275744
63.46135531135531
65.21541501976284
64.30151515151515
66.29338842975207
65.82963683527886
61.30151515151515
65.81645569620252
59.13913043478261
57.55483271375465
65.6493564993565
62.38409669211196
56.96368821292776
65.60460251046025
63.87357723577236
58.526760563380286
51.7019801980198
61.92857142857143
64.02941176470588
64.62355473554736
65.03972431077695
63.57971887550201
64.57692307692308
61.091509433962266
57.26754966887418
63.640221402214024
61.87139303482587
60.535964912280704
70.26111111111112
64.79978902953587
62.55882352941177
57.99397394136808
56.08333333333333
56.69260450160772
60.17213114754098
58.25198019801981
