190
190
190
190
190
190
190
190
190
190
190
190
190
190
190
190
190
190
190
190
204
204
204
204
204
204
204
204
204
204
204
204
204
204
204
204
204
204
204
204
169
169
169
169
169
169
169
169
169
169
169
169
169
169
169
169
169
169
169
169
227
227
227
227
227
227
227
227
227
227
227
227
227
227
227
227
227
227
227
227
232
240
309
264
259
232
240
309
264
259
254
273
239
273
315
296
243
257
246
265
225
265
221
221
221
221
221
221
221
221
221
221
221
221
221
221
221
221
221
221
221
221
232
240
309
264
244
261
253
237
249
239
274
232
240
309
264
293
265
276
304
232
240
309
264
292
297
280
290
226
282
312
293
285
268
228
245
256
292
299
264
250
250
263
214
232
240
309
264
293
297
232
240
309
264
259
254
232
240
309
264
292
251
251
263
233
232
240
309
264
244
261
253
237
249
286
232
240
309
264
242
250
232
240
309
264
259
254
232
240
309
264
266
270
231
256
257
258
263
271
239
247
263
295
242
283
279
316
245
247
251
265
264
242
240
268
285
280
289
262
252
295
240
239
262
303
286
251
254
244
232
240
309
264
265
244
277
233
288
292
268
280
232
240
309
264
266
242
274
255
250
254
291
262
244
271
252
264
278
277
238
277
243
253
278
291
230
295
233
309
275
260
241
306
253
236
269
269
245
238
246
303
291
264
227
280
266
271
313
265
228
245
337
270
265
253
276
250
280
241
313
256
262
252
295
288
277
251
262
233
219
308
243
210
272
244
325
342
306
253
250
272
263
280
265
275
245
260
261
262
249
222
257
261
279
220
275
261
261
243
265
234
281
298
219
271
257
255
265
247
257
255
273
244
272
240
266
233
277
251
284
318
281
240
305
256
285
247
240
275
236
315
267
270
299
268
266
224
245
292
275
260
279
224
237
239
265
263
277
230
227
245
246
211
231
254
274
253
291
301
264
328
274
240
247
239
262
247
234
239
238
290
240
302
240
284
268
325
253
222
250
273
263
286
274
325
284
242
297
284
221
255
266
246
290
284
256
278
287
253
239
256
271
271
286
237
259
244
252
311
252
237
255
273
237
260
273
261
310
249
217
275
244
265
307
253
287
280
262
227
341
264
262
263
274
285
256
298
304
280
296
282
232
250
241
254
291
250
289
282
250
253
212
212
212
212
212
212
212
212
212
212
212
212
212
212
212
212
212
212
212
212
281
224
235
263
330
316
264
257
260
361
241
243
240
239
241
254
246
295
238
280
263
244
245
251
243
233
278
213
272
254
302
273
264
264
248
253
236
259
254
270
262
276
258
267
260
270
294
230
220
290
257
297
256
241
270
248
224
258
213
263
299
273
273
234
225
266
263
229
263
267
255
286
261
251
261
252
272
278
249
287
219
249
269
247
235
242
240
259
297
290
267
246
262
244
284
249
253
243
248
254
280
242
245
236
253
247
248
223
241
252
283
273
254
269
231
271
298
254
302
261
295
238
267
306
279
274
271
271
259
263
223
241
241
233
302
261
262
294
276
251
266
228
267
284
256
299
252
244
215
271
272
288
236
254
279
239
297
228
219
285
263
253
298
252
245
244
241
260
296
242
247
242
255
294
237
225
244
236
249
248
285
257
225
272
251
267
248
234
251
275
227
230
288
256
279
244
252
245
279
231
251
293
243
270
259
226
257
287
294
237
230
236
256
233
276
244
222
277
263
247
278
280
274
284
248
203
229
252
264
297
278
310
247
256
244
251
243
264
234
268
259
229
279
244
249
250
235
237
302
298
237
237
237
237
237
237
237
237
237
237
237
237
237
237
237
237
237
237
237
237
236
244
236
289
247
244
246
245
247
264
235
268
248
317
237
256
242
256
255
304
232
259
263
246
259
274
261
237
264
291
230
293
283
258
275
279
246
297
253
257
265
277
270
267
269
263
298
253
266
291
233
268
237
273
250
265
272
284
261
306
247
257
267
276
246
258
316
271
261
287
265
246
261
251
253
256
265
221
308
291
290
222
309
279
262
236
279
257
294
251
262
268
246
274
280
242
285
248
251
255
282
265
268
266
284
300
261
284
239
235
277
235
242
257
267
253
230
253
285
277
243
278
306
299
232
244
236
275
305
270
268
223
302
250
288
253
230
272
274
303
258
258
252
271
280
245
266
222
303
225
230
244
260
242
300
276
250
271
257
309
268
241
289
259
249
275
279
283
253
242
283
260
242
247
290
264
255
265
245
239
265
263
247
284
223
286
266
254
245
265
264
228
243
224
263
269
244
271
254
223
244
329
279
291
244
246
251
220
237
279
282
266
247
237
282
276
243
234
287
289
279
272
265
254
260
267
266
279
265
268
242
238
253
251
243
261
237
268
289
249
218
236
263
227
231
262
230
226
239
267
264
264
264
264
264
264
264
264
264
264
264
264
264
264
264
264
264
264
264
264
295
254
282
314
251
252
289
225
245
226
276
262
256
255
232
270
227
247
260
273
260
287
291
255
237
258
254
253
255
277
243
254
244
259
259
282
264
249
267
261
251
251
257
222
229
227
235
248
237
269
282
256
291
229
238
256
199
253
284
257
256
249
212
260
212
255
299
254
263
256
263
263
260
252
242
232
267
291
258
232
252
250
257
272
256
256
245
232
230
269
272
265
266
244
302
231
268
263
275
258
272
264
254
240
250
243
267
259
251
272
219
246
233
217
233
243
241
251
224
258
222
226
230
253
268
259
248
267
257
227
257
274
255
295
237
297
276
271
271
269
228
249
276
236
248
276
254
302
238
248
255
246
276
246
222
284
269
248
264
316
232
250
255
266
242
249
241
258
241
270
251
256
242
250
250
247
256
252
313
263
264
258
243
243
246
254
247
265
269
243
247
247
253
234
263
243
249
245
240
257
253
253
248
230
242
240
234
256
248
219
262
270
247
247
234
270
256
233
257
258
241
246
260
248
292
247
244
247
267
232
255
247
222
253
243
227
241
260
258
238
241
273
234
257
259
256
217
243
296
269
228
228
228
228
228
228
228
228
228
228
228
228
228
228
228
228
228
228
228
228
240
253
269
260
241
252
225
257
226
249
253
267
247
228
249
273
248
261
239
244
237
275
256
252
245
261
285
249
265
232
246
242
262
247
261
251
265
267
245
241
247
253
257
227
252
244
255
241
243
246
230
223
256
215
221
236
268
274
269
252
253
254
247
266
248
251
235
269
297
238
232
240
309
264
293
333
257
295
251
219
243
252
275
257
256
268
230
281
277
241
245
270
290
257
260
265
234
273
283
276
261
239
299
228
258
254
241
310
253
305
267
247
246
259
198
244
260
251
235
245
249
316
246
258
288
244
308
278
275
279
255
247
281
284
259
308
307
305
307
305
252
265
251
273
248
321
248
262
252
248
282
251
279
280
258
255
277
252
318
229
279
242
278
239
269
259
283
270
310
322
268
278
282
259
301
270
224
249
270
266
245
291
293
283
312
278
291
268
248
253
274
278
299
285
275
303
278
256
250
291
250
247
265
262
237
260
285
281
274
262
304
229
261
268
259
287
275
247
270
236
290
301
329
301
304
251
223
287
229
288
284
278
236
258
242
279
241
262
262
274
259
283
304
274
251
287
315
275
217
289
243
266
253
320
249
275
286
323
266
259
268
256
319
251
274
295
248
264
293
258
303
263
258
291
262
272
298
297
276
284
257
303
314
246
247
260
250
272
255
246
250
286
316
258
256
282
243
233
302
286
259
260
312
269
242
268
259
240
251
263
246
248
287
251
292
246
237
282
274
264
44
44
44
44
44
44
44
44
44
44
44
44
44
44
44
44
44
44
44
44
263
230
255
236
271
270
252
295
290
274
285
260
306
263
274
257
268
268
247
250
283
223
291
271
257
264
302
249
313
245
248
264
253
236
281
275
289
298
259
293
290
283
302
305
277
257
257
281
259
257
280
286
238
275
302
256
249
256
260
264
254
247
259
278
307
294
284
270
252
254
278
267
303
291
249
314
230
333
262
260
292
271
265
245
272
257
241
277
241
300
255
294
291
279
300
296
261
312
258
281
261
261
261
259
259
284
278
286
273
288
262
257
289
267
350
247
279
299
282
250
266
264
259
265
308
247
252
225
309
314
256
288
279
265
263
243
260
293
259
270
303
269
278
288
255
308
271
262
228
228
303
287
236
237
259
265
264
269
276
318
259
246
245
256
285
244
267
245
334
273
263
304
296
240
254
259
272
305
303
270
246
266
241
258
291
268
231
271
251
271
227
281
280
243
255
250
252
282
277
264
289
250
253
242
271
261
247
273
257
268
277
265
333
292
247
254
308
317
285
321
271
265
274
244
247
270
287
261
274
302
279
267
306
241
259
260
294
316
339
276
294
270
257
274
304
275
265
306
308
261
44
44
44
44
44
44
44
44
44
44
44
44
44
44
44
44
44
44
44
44
284
297
317
293
302
282
323
258
266
248
263
301
289
322
306
274
281
302
287
245
284
319
272
265
279
311
305
286
243
291
292
257
292
282
274
278
309
247
260
258
232
266
275
282
246
270
247
259
285
275
266
287
238
282
232
252
275
270
258
316
279
262
298
310
249
269
265
261
286
294
253
290
245
274
293
224
279
266
252
264
252
279
283
284
239
248
292
256
267
296
260
263
272
260
244
253
300
272
246
270
261
304
280
241
246
242
275
262
220
248
238
232
256
272
283
297
276
259
306
236
237
274
274
273
238
270
238
304
262
304
243
286
251
264
231
302
239
225
274
290
289
293
270
299
259
262
260
266
261
267
241
320
245
249
281
236
302
316
284
247
258
290
295
262
248
293
283
284
297
294
272
269
268
256
321
292
271
257
282
285
268
285
285
266
324
251
277
265
247
275
262
304
262
266
289
225
282
250
269
265
277
269
289
286
287
260
259
251
246
255
277
261
302
263
290
260
255
260
258
259
261
266
284
244
280
297
284
240
299
311
238
295
278
272
260
219
317
289
273
287
300
263
322
253
277
259
274
284
259
278
256
256
256
256
256
256
256
256
256
256
256
256
256
256
256
256
256
256
256
256
239
240
289
259
304
246
281
283
263
291
265
285
249
274
264
250
249
245
296
295
282
286
292
272
274
281
289
283
273
280
233
294
269
281
254
264
296
257
290
285
264
264
300
283
291
270
287
255
263
288
271
267
294
267
252
276
288
245
263
267
247
285
232
297
285
281
256
258
294
279
270
277
287
260
287
305
267
267
248
279
235
260
260
254
277
231
263
237
230
249
276
259
220
252
260
301
264
256
238
237
250
242
250
239
257
266
262
276
233
255
284
227
227
231
225
241
281
276
227
261
229
266
260
205
234
222
268
247
291
245
320
246
282
247
316
242
221
247
305
284
267
267
275
268
272
263
238
256
256
226
283
246
328
235
261
307
265
249
234
244
239
231
235
234
249
264
244
246
263
269
305
265
260
244
252
257
271
257
261
265
263
241
239
232
276
242
287
245
249
249
310
296
270
261
289
264
247
283
275
244
257
244
256
283
252
226
273
281
225
272
227
238
229
320
260
274
239
267
233
265
223
245
239
240
285
247
241
233
239
284
245
251
245
241
245
285
256
252
259
267
273
280
280
247
280
265
309
263
282
288
273
273
273
273
273
273
273
273
273
273
273
273
273
273
273
273
273
273
273
273
267
261
254
260
255
253
242
292
258
237
282
275
279
274
325
278
244
279
271
288
266
256
244
296
264
291
218
272
269
245
280
271
246
257
244
277
295
293
263
296
268
262
236
249
261
284
313
312
311
234
323
308
307
259
315
249
297
224
291
287
255
288
228
225
261
254
304
271
236
299
275
259
268
288
310
254
254
237
252
290
281
253
254
297
245
216
276
215
289
300
296
288
263
238
258
262
280
299
236
290
248
249
284
280
263
250
258
255
258
235
265
258
283
231
231
251
235
247
248
235
239
235
252
237
233
237
272
314
225
245
238
245
246
240
286
312
244
301
265
265
284
244
222
240
258
279
279
198
229
232
274
276
266
248
296
251
267
294
250
247
244
251
236
250
220
245
260
245
245
284
253
236
255
239
232
262
259
239
211
304
274
295
253
235
317
259
304
294
304
232
240
252
253
228
249
237
237
227
275
249
246
271
247
250
272
274
243
226
255
236
275
225
253
243
253
242
246
278
218
242
232
246
271
237
309
245
247
264
224
233
253
285
283
253
228
266
243
240
260
261
226
253
218
240
257
253
238
249
237
278
245
245
245
245
245
245
245
245
245
245
245
245
245
245
245
245
245
245
245
245
250
245
259
258
235
225
236
235
235
258
232
240
259
228
273
272
232
245
236
251
232
266
217
240
264
245
237
238
214
242
263
238
259
231
245
312
253
279
308
260
259
251
308
268
272
229
258
249
245
254
288
223
275
288
242
255
295
224
276
279
284
262
260
304
260
249
282
258
256
241
278
269
308
244
252
253
243
304
304
261
246
292
274
268
308
248
266
235
285
289
292
294
228
308
258
247
250
272
320
249
282
234
245
272
257
265
243
264
222
277
238
260
251
283
245
281
292
299
312
245
280
260
311
261
305
266
272
260
308
290
275
274
260
304
267
300
282
304
304
271
266
275
264
282
266
249
266
270
275
262
260
252
287
237
269
315
230
270
290
261
263
215
238
249
231
286
254
268
246
254
286
240
286
240
238
288
278
227
286
237
280
294
279
262
295
241
286
250
252
248
286
290
324
286
258
241
270
332
236
265
258
269
287
282
270
311
260
246
254
269
251
242
276
257
255
247
262
255
234
286
289
290
273
279
277
282
270
241
269
245
276
250
279
287
279
258
255
234
271
271
277
249
258
271
247
223
284
267
286
274
279
279
279
279
279
279
279
279
279
279
279
279
279
279
279
279
279
279
279
279
248
246
277
279
256
243
240
234
260
249
246
241
224
234
264
254
230
244
236
247
254
232
249
245
270
238
255
252
251
262
251
254
250
245
256
277
243
247
245
247
245
261
253
249
241
242
246
246
253
243
234
250
245
244
258
252
226
228
235
239
233
266
277
235
227
226
235
241
252
251
243
222
242
210
235
247
230
210
233
231
249
245
234
280
232
214
225
202
218
232
222
273
193
210
211
255
242
245
249
238
232
224
240
226
240
250
239
249
256
223
242
255
238
240
238
237
238
244
224
249
254
234
255
261
237
263
262
233
256
247
269
228
254
237
226
227
236
250
250
251
228
241
228
268
221
272
241
235
216
280
239
234
216
273
239
241
262
230
215
245
234
233
231
231
246
230
216
257
244
236
231
251
241
253
246
266
273
253
275
284
245
236
258
247
229
231
234
252
266
238
243
218
217
282
249
252
281
226
231
252
229
240
215
207
229
264
222
280
276
236
240
248
230
256
247
245
236
230
248
266
263
234
248
224
232
250
238
246
253
248
234
220
222
234
222
243
230
244
255
244
226
262
222
228
252
248
249
216
230
250
218
218
218
218
218
218
218
218
218
218
218
218
218
218
218
218
218
218
218
218
264
221
243
281
240
244
233
231
262
245
262
296
262
240
238
213
207
244
244
228
260
243
220
270
218
238
220
237
230
284
232
240
309
264
266
270
231
256
257
258
247
236
245
254
272
259
246
263
266
233
274
257
269
271
221
288
242
243
224
259
265
285
310
317
266
286
359
275
242
291
270
257
268
259
276
295
253
273
272
289
250
257
247
259
288
262
271
282
273
269
241
265
305
241
271
246
277
272
272
250
249
267
264
274
284
252
331
261
215
251
295
260
270
245
242
232
249
285
270
236
243
291
305
247
256
233
268
303
250
272
224
260
230
293
241
248
265
308
244
241
246
269
261
253
265
266
268
253
255
290
261
272
275
257
254
231
274
284
279
227
318
242
275
219
264
270
259
263
265
251
230
282
245
277
307
311
215
268
249
250
284
260
266
246
251
300
295
244
259
239
245
270
282
263
264
274
267
279
305
229
279
254
279
273
255
327
273
282
254
310
288
289
237
257
248
303
285
290
268
284
290
271
277
289
266
257
267
235
290
291
250
270
266
259
253
264
256
267
297
280
245
265
295
331
284
306
285
313
252
266
270
287
280
256
272
236
262
272
262
314
264
275
289
276
314
288
275
320
262
291
291
321
295
224
246
301
310
342
286
267
57
57
57
57
57
57
57
57
57
57
57
57
57
57
57
57
57
57
57
57
229
285
262
267
290
286
262
309
289
312
289
264
294
293
232
253
291
306
282
240
309
268
250
278
315
323
275
263
278
279
292
295
298
240
284
318
294
293
250
261
263
262
269
315
277
319
275
273
260
266
296
295
277
322
270
304
262
300
303
273
269
308
284
288
310
296
293
293
311
289
321
289
275
302
299
309
295
281
301
314
317
292
247
341
327
305
380
311
284
300
298
287
310
321
254
297
270
251
315
302
295
320
351
292
334
290
291
302
348
343
275
260
319
265
298
326
275
290
275
276
296
305
318
328
279
263
298
343
291
323
290
276
360
264
356
306
260
363
308
317
310
295
303
311
291
286
291
268
350
267
339
303
268
250
335
309
282
299
361
276
318
303
279
295
296
291
343
244
311
308
309
345
326
365
338
266
322
282
313
311
351
290
264
297
280
318
309
245
282
359
320
285
319
361
348
296
268
252
429
354
369
337
329
363
336
321
314
310
313
306
288
353
300
312
346
314
347
336
400
356
449
388
261
410
297
371
337
314
348
309
336
382
374
375
324
382
336
414
322
308
373
297
304
287
324
410
347
341
269
378
0
0
0
0
0
0
0
0
0
0
0
0
0
0
0
0
0
0
0
0
333
437
308
326
350
311
346
273
300
329
381
297
397
288
343
348
333
434
371
310
279
316
359
342
338
337
346
359
439
316
371
296
303
289
299
346
357
314
423
374
270
283
308
343
359
338
362
318
417
334
322
298
388
317
380
377
313
346
340
381
317
298
391
343
289
349
278
291
385
379
307
354
336
347
362
358
322
336
329
327
431
293
364
340
383
290
385
399
342
429
327
360
326
402
350
320
389
444
378
302
506
347
319
393
362
315
419
369
398
449
377
548
451
483
329
388
367
334
434
478
384
322
370
317
379
484
412
577
401
384
380
397
399
322
393
377
430
401
395
408
516
427
409
403
489
617
403
346
376
528
557
434
526
537
475
460
487
415
468
514
537
506
630
457
400
380
639
432
511
413
421
505
727
577
445
611
552
464
437
432
544
581
622
473
635
523
488
589
549
579
459
448
513
581
486
767
552
438
741
550
363
565
667
554
701
818
734
673
507
847
544
538
813
888
866
1075
529
841
829
671
838
851
989
1063
786
723
1025
799
861
1118
972
891
852
1020
837
938
863
1197
683
851
933
1105
1010
1042
898
924
1006
1031
967
1041
0
0
0
0
0
0
0
0
0
0
0
0
0
0
0
0
0
0
0
0
1005
946
869
896
924
855
767
861
799
833
903
896
870
871
966
676
710
903
833
727
692
734
717
786
911
780
801
933
732
542
738
670
1005
839
769
888
895
901
570
997
608
921
736
737
710
729
803
928
806
886
660
714
783
786
1066
658
879
725
1073
590
579
870
818
664
673
757
884
662
706
818
664
752
694
615
844
577
652
764
918
713
695
879
868
829
776
846
730
738
623
780
712
965
793
827
747
674
815
876
647
747
581
1074
612
721
652
623
630
686
767
842
971
971
856
683
658
926
487
779
568
963
868
573
417
670
735
794
814
824
573
792
874
420
741
797
759
636
655
598
718
805
730
815
648
667
733
576
1087
781
801
589
713
663
554
873
734
513
740
631
633
741
575
818
634
716
751
684
628
751
944
798
768
695
791
728
867
659
815
457
560
793
972
665
867
785
932
557
915
685
764
636
523
741
833
757
608
729
628
781
643
514
654
823
825
714
640
769
579
689
792
953
584
664
548
667
647
752
660
766
742
687
676
768
794
777
486
670
700
791
861
793
748
729
863
960
833
679
947
728
938
812
740
838
804
762
784
720
736
909
620
805
44
44
44
44
44
44
44
44
44
44
44
44
44
44
44
44
44
44
44
44
712
683
927
901
724
713
774
849
728
761
1012
637
748
917
873
882
835
1146
983
1085
657
825
523
1266
816
1124
1006
803
905
998
1023
1083
960
846
1023
1108
1059
681
933
1242
1009
695
938
1014
1091
885
584
795
863
877
922
1009
893
993
1014
1137
1083
842
659
916
816
964
829
1063
1042
791
893
849
940
900
999
904
918
610
776
908
770
863
698
943
709
798
883
928
878
1046
652
922
988
825
593
1160
848
656
959
963
754
911
871
1007
952
902
964
756
745
835
690
806
814
796
968
855
908
606
882
850
855
975
878
658
744
902
571
727
893
828
866
787
737
1042
872
663
633
693
928
739
750
881
731
609
812
740
825
705
821
669
770
765
667
826
492
684
625
687
681
643
617
606
648
459
529
723
785
574
751
669
689
671
634
759
615
960
550
528
658
688
776
816
875
1246
493
668
596
954
607
868
716
732
841
720
758
721
546
738
557
636
676
745
752
629
613
683
564
709
587
624
555
630
656
691
558
722
879
761
813
604
837
655
644
615
873
661
696
881
719
666
618
687
995
712
955
633
987
982
589
748
574
688
737
706
585
744
680
617
706
644
695
828
755
575
44
44
44
44
44
44
44
44
44
44
44
44
44
44
44
44
44
44
44
44
721
731
866
674
739
704
886
890
852
753
814
716
731
623
709
659
445
864
661
788
661
561
641
755
873
528
510
978
783
687
626
786
777
844
718
720
603
467
679
673
499
777
621
751
824
536
630
759
622
478
621
495
785
653
611
586
708
689
663
672
681
455
538
539
805
719
646
637
689
741
610
768
758
793
549
890
964
688
643
699
613
1090
640
880
628
715
592
933
683
671
721
957
870
800
801
677
714
771
596
671
666
677
531
633
729
560
605
863
785
607
721
801
691
662
538
517
663
785
689
763
635
612
719
668
757
773
747
535
713
777
619
641
642
753
834
807
765
564
698
587
514
923
878
569
643
710
658
948
809
821
623
687
716
586
711
707
872
744
683
915
682
739
886
830
606
591
588
568
547
471
818
772
740
715
683
612
232
240
309
264
259
254
273
239
273
315
296
288
285
276
257
273
298
266
244
242
344
246
310
260
258
264
264
261
269
304
278
235
298
257
263
260
265
263
255
278
328
283
317
264
254
254
238
256
258
257
248
294
246
285
276
258
309
247
258
258
280
239
256
243
249
261
255
252
296
262
274
233
268
241
274
256
286
268
267
258
250
246
253
283
304
234
248
268
310
267
250
281
272
270
269
286
273
273
256
241
249
272
260
308
249
273
262
249
271
286
270
257
303
249
288
291
286
273
244
245
255
270
302
286
234
281
283
274
226
237
246
307
245
270
266
275
253
274
302
257
274
294
295
261
263
243
275
269
309
267
236
240
265
289
260
253
289
225
248
245
282
262
272
260
254
274
308
263
268
253
265
260
256
250
308
288
249
248
283
244
273
313
245
254
257
225
260
307
316
254
301
259
265
268
272
244
227
300
259
262
274
234
288
228
316
278
290
262
266
231
234
248
277
283
242
272
249
254
229
259
248
288
262
266
231
257
260
224
256
266
252
290
259
276
264
273
265
254
276
253
258
257
256
314
277
328
282
237
263
280
246
246
246
246
246
246
246
246
246
246
246
246
246
246
246
246
246
246
246
246
247
284
319
279
261
250
260
271
251
244
251
286
257
335
269
271
257
269
341
258
279
274
307
278
277
277
257
278
345
262
275
284
293
254
253
258
266
266
235
260
274
235
239
305
262
240
253
293
265
276
259
299
256
247
284
246
240
335
276
279
277
249
288
273
278
260
278
281
270
256
282
298
327
290
291
247
260
283
214
308
271
256
280
257
282
227
292
227
305
247
251
278
278
316
282
262
251
308
290
228
238
270
257
270
259
266
291
287
276
284
246
296
295
259
247
254
283
282
299
264
295
259
290
243
276
302
302
250
238
269
293
236
266
303
280
289
251
246
232
287
265
293
293
250
318
240
261
347
291
278
257
265
268
253
284
248
279
282
279
245
279
272
318
244
257
272
262
281
296
285
282
253
310
287
288
242
258
253
265
266
281
247
276
284
273
327
237
283
253
245
279
266
293
298
280
266
291
207
244
297
260
276
304
248
276
243
228
260
240
279
314
303
279
253
282
262
268
283
244
291
274
279
285
266
267
268
253
229
310
238
261
250
282
212
271
274
272
256
265
272
309
287
241
277
239
239
292
268
244
291
290
290
290
290
290
290
290
290
290
290
290
290
290
290
290
290
290
290
290
290
252
271
250
272
286
309
218
252
253
269
248
264
277
266
233
283
245
288
264
319
289
252
272
297
260
239
252
291
316
249
255
290
247
303
295
263
257
244
301
257
276
250
251
251
267
263
284
262
221
238
233
269
256
258
274
275
263
267
259
274
255
248
239
247
235
219
242
250
253
265
253
285
276
256
252
255
247
270
255
281
239
260
288
240
253
261
299
255
219
224
277
267
263
260
269
270
239
256
265
242
225
281
244
241
262
266
271
296
240
250
293
248
285
258
303
280
266
308
256
253
237
253
278
267
255
246
229
247
260
246
280
273
240
251
256
253
291
254
234
238
223
264
274
261
239
252
232
280
235
290
273
263
267
263
229
242
258
259
251
240
246
267
300
225
236
268
267
255
246
245
252
280
292
277
283
271
241
245
242
281
267
253
265
234
251
285
218
248
247
312
248
218
258
259
245
262
228
271
221
275
249
233
275
233
256
235
249
287
286
274
244
268
249
253
252
294
304
247
309
316
255
272
254
236
310
237
262
265
301
299
276
253
319
269
225
269
288
246
264
265
276
255
272
280
252
265
241
255
298
253
273
273
273
273
273
273
273
273
273
273
273
273
273
273
273
273
273
273
273
273
272
261
264
266
261
230
290
282
235
262
212
306
294
251
282
253
254
268
213
232
296
250
291
286
255
269
285
261
281
257
276
246
225
244
241
252
229
282
250
241
221
249
273
286
266
246
258
230
258
258
270
270
231
257
254
255
254
235
258
261
282
259
265
267
259
278
282
258
255
230
272
286
282
259
234
268
256
234
253
268
249
231
254
250
243
252
269
254
223
262
247
258
260
279
229
245
266
285
275
266
227
249
243
250
289
245
237
232
270
243
242
250
248
239
259
232
261
262
251
250
254
269
258
244
256
266
251
245
258
262
258
251
244
273
270
261
250
232
249
272
255
257
232
239
271
252
255
252
257
270
244
261
245
256
261
233
229
231
230
246
250
246
241
240
262
251
262
251
248
255
259
231
246
253
233
261
248
245
272
238
232
244
239
234
237
246
212
234
207
235
268
245
251
235
279
239
289
260
271
261
272
285
264
280
265
258
235
275
258
244
290
255
269
268
234
292
226
275
251
271
234
248
257
246
257
209
256
304
239
229
248
236
216
236
259
256
281
267
280
261
244
237
245
280
244
269
260
241
251
314
238
238
238
238
238
238
238
238
238
238
238
238
238
238
238
238
238
238
238
238
238
266
233
243
228
254
260
296
264
255
248
263
267
240
220
289
247
249
268
252
247
286
244
248
240
241
252
279
270
252
227
261
244
220
238
233
235
259
249
235
263
256
234
270
267
244
281
247
260
231
273
302
255
261
257
269
240
245
269
280
288
284
256
255
229
269
243
279
238
269
263
245
256
241
249
274
250
283
273
236
259
261
254
233
244
259
257
243
271
247
250
243
264
239
243
258
256
232
260
271
249
235
268
243
247
243
216
249
248
237
215
220
245
242
228
236
249
271
245
279
254
272
283
284
293
253
262
243
248
227
255
236
234
260
238
254
249
256
254
242
211
236
248
250
263
230
268
243
249
280
236
263
231
242
301
238
269
267
234
249
240
244
254
254
251
226
249
234
249
260
274
225
277
279
257
304
232
257
243
248
284
275
288
257
253
271
243
269
248
241
293
241
261
247
241
235
240
255
267
233
306
261
283
273
228
243
284
273
278
240
234
266
261
243
230
236
307
207
267
265
275
261
254
243
257
258
237
284
256
252
282
289
254
273
270
265
234
243
274
238
248
258
247
291
257
273
251
284
259
246
272
272
272
272
272
272
272
272
272
272
272
272
272
272
272
272
272
272
272
272
265
258
265
273
249
296
262
280
296
236
244
263
262
263
239
258
271
236
272
284
234
249
245
258
240
230
273
270
259
234
242
246
246
231
231
257
256
272
244
222
240
243
221
265
257
255
252
264
249
267
256
277
290
275
259
224
258
268
236
231
261
221
281
276
252
273
246
266
263
247
274
232
260
266
258
276
243
247
260
246
262
262
262
218
289
288
252
245
235
269
237
257
226
246
268
224
249
250
261
238
241
231
245
238
262
251
259
230
225
253
270
265
264
243
238
277
248
290
268
233
244
243
232
237
268
269
256
256
247
238
233
248
234
234
263
248
252
265
254
241
248
240
252
250
305
272
295
237
244
321
253
247
244
241
243
248
210
243
257
231
230
244
251
254
234
267
241
245
231
239
255
222
246
229
258
239
226
253
256
237
266
246
239
249
232
247
258
268
254
222
246
274
238
250
249
231
249
254
248
249
249
277
282
226
232
283
253
249
255
235
243
253
243
246
250
258
236
262
218
238
262
232
238
232
249
225
257
272
246
253
261
258
264
231
273
232
246
234
245
239
257
268
271
256
241
258
276
247
222
273
270
270
270
270
270
270
270
270
270
270
270
270
270
270
270
270
270
270
270
270
258
250
270
214
230
240
253
278
252
233
258
304
228
247
258
237
276
224
259
224
256
216
231
255
244
239
252
236
234
239
238
241
237
256
230
272
255
232
258
239
234
239
245
247
237
255
270
247
247
218
239
261
240
261
244
256
252
265
245
227
263
234
254
249
231
258
282
212
263
268
258
262
211
258
284
233
254
241
272
268
258
236
258
239
239
261
260
256
245
245
279
208
272
215
207
264
250
281
267
250
255
278
248
267
229
272
244
264
237
240
270
254
275
241
248
249
220
248
269
232
251
238
242
247
262
239
245
235
246
221
235
226
224
222
252
280
239
237
277
249
218
253
242
230
230
220
242
237
260
247
240
240
252
263
241
214
240
268
245
223
243
243
247
242
247
236
245
229
272
256
231
231
264
279
267
275
249
243
249
265
238
240
252
254
245
263
225
249
252
250
289
257
238
240
264
258
246
259
264
277
240
249
273
257
264
247
271
249
274
227
286
245
271
266
229
252
247
241
249
242
218
230
244
250
233
243
239
255
255
243
258
254
238
283
261
285
273
255
272
271
272
257
272
293
263
247
294
284
228
260
283
283
283
283
283
283
283
283
283
283
283
283
283
283
283
283
283
283
283
283
277
258
283
289
329
252
284
285
278
248
263
261
258
270
277
244
292
232
249
258
298
285
251
234
285
263
293
293
275
291
264
264
271
250
269
274
243
264
260
281
293
272
295
265
251
275
276
258
297
270
281
268
289
255
278
277
274
296
273
272
263
298
279
263
279
255
231
235
267
259
221
301
238
282
301
273
253
275
242
257
275
237
276
269
259
262
263
239
246
284
303
280
255
271
266
249
260
265
302
271
268
285
216
237
272
307
288
311
305
303
